75,57
41,59,76,95,98,22,35,43,66,91,12,15
65,11,43,57,88,53,81,41,66,99,54,59,92,71,82,86,16,89,46,83
13,37,51,45,64,11,21,18
25,13,18
37,29,11,65,96,86,87,82,92
82,92,88,46,43,99,53,16,54,41,81,71,89,57
11,82,16,92,59,89,76,42,71,91,54,81,88,12,41,53,57,83,43,66,95
12,42,95,35,75,18,13,21,51,78,17,98,22
66,59,36,91,12,42
42,41
45,21,55,64,31
36,91,95,35,22,15,98,93,42
89,83,54,81,99,88,57,66,53,59
11,92,46,88,76,53,43,59,99,81,91
89,66,57,43,76,83,99,41
78,93,29,13,55,21,45,86
82,46,83,53,16,71,92,54
78,59
65,86,16,82,81,41,36,66,91,11,99,89,76,92,43,54,12
11,29,92,71,89,82,65,86,46,16
11,46,16,65,87,88,71,89,99,43,29
96,29,53,88,99,41,81,46,71,54,43,89,57
41,42,59,12,15,36,95,66,91,35
78,25,67,21
76,42,35,78,55,64,91,93,67,75,95,51
43,59,22,95,66,15,42,93,25,81,57
81,59,36,98,12,76,42
12,89
99,89,88,43,54
15,35,21,18,78,45,33,17,13,55,25,67,64,31
92,83,46,41,54,71,66,91,57,99,43,15
36,98,93,75,95,22,67,18,12
83,53,88
59,76,35,95,42,15,98,22,93,91,12
66,59,12,15,98
11,36,81,66,83,53,88,57,54,12,41,89,76,95,16,46,71
11,54,53,83,89,99,82,71,92,16,88
57,76,12,13,21,18,36,95
18,93,33,25,67,31
42,17,31,64,33,37,96,78,15,75
53,88,57,15,95,41,54,25,42,59,36,91,67,22,78
51,33,55,96,11,46,86,37,31,64,71,45
88,66,76,81,95,15,98,57,22
83,99,88,93,15,57,91,66,42,59,22,25,53,54
12,98,95,15,35
36,76,51,15,22,93,25,13,17,18,78,67,75,98,35,33,12,91,42,95
92,16,81,57,76,46,89,71,54,88,41
37,65,86,96,46,83,92,11,29,87,71,16,82,89
87,65,92,86,11
54,35,76,42,95,13,57
82,11
22,93,75,13,67,78,21
22,67,55,45,13,51,78,21,64,33,17,75,37,35,93,25
22,67,18,29,37,33,55,86,25,21,75,51
25,13,17,75,11,65,29,86,92,96
53,99,54,41,57,88,43,76
71,83,66,42,41,59,89,15,81,98,54,57,35,43,36,91,95,53,12,76,93
18,51,55,17,29,96,87
41,36,59,93,95,42,15,75,22,21
67,13,78,37,45,29,92,51,31,18,86,75,17,55,82,46
25,98
87,86,11,92,82,46
18,55,64,37,33,17,45,51,87,65
96,29,89,65,41,88,76
45,96,29,86,81,11,88,54,92,46,41
83,53,41,15,88,54,98,43,22,93,76,42,25,99
22,35,93,25,13,21
91,76,93,95,98,15,36,12,25
81,66,13,93,21,42,25,35,67,95,91,17,36
89,66,95,22,15,25,76
82,92,16,89,83,71,54
29,86,82,83,99,41,66,54,59,43,81,76,16,71,46,53,92,65,89,88
93,51,55,33
46,89,53,88,99,81,83
31,71,57,53,43,66,92,16
13,17,55,75
86,11,82,92,16,41,83,99,53,54,46,89,88,43
11,71,92,41,89,59,36,91,46,16,82,43,83,57,99,54,53,66
31,86,17,33,45,29,65,11,13
31,96,87,65
82,36,91,89
66,59,12,89
33,64,96,11,37,45,29,31,82,55
95,25,15,17,51,67,13,22,21,33,45,31,55,37
41,36,91,57,43,76
64,11,92,29,96,86,46,31
64,31,65,37,92
92,16,46,53,99,71,83,54,89,88,43
95,13,98,15,51,35,78,55,33,67,45,31,21,18,22,17,75,37,64,96
78,18,21,13,75,51
17,51,33,92,89,83,96,46
99,29
17,33,55,64,87,31,54,89,11,86,82,83,46,96,53
93,13,25,51,55,31,37,78,18,45,64
